 0.0 0.05 0.1 0.15000000000000002 0.2 0.25 0.30000000000000004 0.35000000000000003 0.4 0.45 0.5 0.55 0.6000000000000001 0.65 0.7000000000000001 0.75 0.8 0.8500000000000001 0.9 0.9500000000000001 1.0 
0.0 5.0 6.25 7.5 8.75 10.0 11.25 12.5 13.75 15.0 16.25 17.5 18.75 20.0 21.25 22.5 23.75 25.0 26.250000000000004 27.5 28.75 30.0 
0.1 5.0 6.1602192709308445 7.314037762815955 8.454896195558053 9.575928101497565 10.669830532364642 11.72876323281556 12.74428451714196 13.707330847770379 14.608245414518324 15.436858824514937 16.182622358707885 16.834791222260478 17.38265197346112 17.815785083249146 18.124350625029614 18.299382709895237 18.333076736939184 18.219053040333247 17.952581216655073 17.530751329738415 
0.2 5.0 5.851051213577388 6.69420884486879 7.521603911322485 8.325417803254227 9.097910324062383 9.83145093615987 10.51855392942064 11.151917952573665 11.724470032429721 12.22941386871899 12.660281852620155 13.010989934070633 13.275894175233814 13.449847591878388 13.528255715003727 13.507129212405749 13.383131900440775 13.153622551865007 12.816689063438426 12.3711737795173 
0.30000000000000004 5.0 5.561739345540965 6.116980571150869 6.659262975500259 7.182200609887496 7.679519435562488 8.145094197610039 8.572984887941983 8.957472644500646 9.293094905298087 9.57467960634701 9.797378183949503 9.956697116280878 10.048527718713013 10.069173893621626 10.015377529951724 9.884341251608527 9.673748227366021 9.381778778508806 9.007123553401604 8.548993079680587 
0.4 5.0 5.330343430441702 5.65557276532392 5.970605149192452 6.270420030223135 6.550089870788684 6.804810329144184 7.029929737104878 7.220977699861492 7.373692645985965 7.484048158406218 7.548277920862592 7.562899119286907 7.524734143836551 7.43093044511069 7.278978407473742 7.0667271134641645 6.792397885971145 6.454595509156003 6.052317044858069 5.58495817827915 
0.5 5.0 5.148937718230051 5.293875095087073 5.430836420833196 5.555895098895903 5.665197828016618 5.754988337398034 5.821630529716214 5.8616308901777625 5.871660023943072 5.848573189199756 5.789429698947811 5.691511071137235 5.552337814160975 5.369684742825401 5.141594728763308 4.866390798778036 4.542686504760248 4.169394499540294 3.7457332642592878 3.2712319444830085 
0.6000000000000001 5.0 5.0071155934611875 5.011104713757649 5.0088601599843505 4.997313157128444 4.973452273168098 4.9343419831688005 4.877140766055009 4.799118622579356 4.697673906537977 4.570349365469517 4.4148472919037465 4.229043691666047 4.011001381765329 3.7589819369601805 3.4714564111724524 3.1471147674569253 2.7848739581942343 2.3838846055032477 1.9435362405166274 1.463461069075206 
0.7000000000000001 5.0 4.896282701880349 4.790122196045755 4.679090337586917 4.56078901435973 4.4328649318239615 4.293024121625269 4.139046084484794 3.968797480211082 3.7802452804366617 3.571469302989093 3.340674050613791 3.0861997810500403 2.8065327401963343 2.5003144952574563 2.166350310312036 1.8036165126415353 1.4112668043835552 0.9886374805755248 0.5352515213992467 0.050821533380620315 
0.8 5.0 4.809672365923615 4.617435499493566 4.421391939366606 4.219667693650439 4.010423793651799 3.7918676317012996 3.5622640131551915 3.319945854435886 3.0633244611549197 2.790899322950388 2.5012673646499732 2.193131596722094 1.8653091116808154 1.5167383771422012 1.1464857805658673 0.7537513853289403 0.33787386264198066 -0.10166543110227749 -0.5652392566876165 -1.0530721938566905 
0.9 5.0 4.74199125668264 4.482490556880777 4.220015142513161 3.953100595594094 3.6803098668534258 3.400242135620031 3.1115414463448063 2.812905068516271 2.5030915284271944 2.180928263273732 1.8453188503969697 1.4952497670960785 1.1297966393364307 0.748129940827115 0.34952010733090644 -0.06665796532498144 -0.5009210672693456 -0.9536744883999607 -1.4252095196331864 -1.9157016569960312 
1.0 5.0 4.689102330697209 4.377038782651889 4.0626506651511445 3.7447936192247933 3.4223446729985296 3.0942091651886106 2.7593274940524353 2.4166816501855024 2.065301492887893 1.7042707314043877 1.3327325741618827 0.9498950111746663 0.5550356970497466 0.14750640448686728 -0.2732629791841326 -0.7077609370686174 -1.1563913110458846 -1.6194708119492447 -2.0972270669380446 -2.589797216100254 
1.1 5.0 4.647772658298804 4.294634249020801 3.939679321623699 3.5820136250033605 3.2207596208491736 2.855061893959516 2.484092426160897 2.1070557013153306 1.7231936099418534 1.331790123213588 0.9321757075135854 0.5237314523322507 0.1058928860564871 -0.3218465438750524 -0.7599323479069245 -1.2087462476468016 -1.6686038224247723 -2.139752563641781 -2.622370348902801 -3.1165643453422205 
1.2000000000000002 5.0 4.615475882528208 4.230239817841111 3.843584248114729 3.4548103672456687 3.0632324292231243 2.668181975981065 2.2690119586644926 1.8651007269007964 1.45585586148102 1.0407178268212853 0.6191634206857342 0.1907089999022987 -0.24508653781631104 -0.6886190343303185 -1.1402366305761753 -1.600237620161914 -2.0688686102878555 -2.54632300133121 -3.0327397944684304 -3.52820273468674 
1.3 5.0 4.590237799055037 4.1799192520718 3.7684914430703396 3.35540829503992 2.94013393668537 2.522146006251816 2.1009388720586046 1.67602674988675 1.2469466980001862 0.8132614713355134 0.37456221726321137 -0.06952900369993982 -0.519356887768269 -0.9752307627204286 -1.4374226807907762 -1.9061657413768824 -2.381652653904232 -2.8640345497085313 -3.3534200502607674 -3.8498745974797197 
1.4000000000000001 5.0 4.570515679985588 4.140596607355223 3.7098107098874 3.2777312596239834 2.843939503789974 2.408027246543614 1.96959936563949 1.528276248488569 1.0836961325960426 0.6355173359474058 0.18342036359169822 -0.2728901225658815 -0.7336834829064107 -1.199201439400922 -1.669656585314071 -2.1452310744959657 -2.626075498343107 -3.1123079573523538 -3.604013332992087 -4.10124276437973 
1.5 5.0 4.5551039716743205 4.109868209039339 3.663955072360744 3.2170310981404517 2.7687690550299595 2.3188499613204283 1.8669650515709857 1.4128176802503463 0.9561251506551549 0.4966204578291711 0.034053934737610606 -0.4318052084525614 -0.9011674614765645 -1.3742217162325905 -1.8511341022004386 -2.3320469621980275 -2.8170779747905903 -3.306319428763188 -3.799837654129658 -4.297672613186026 
1.6 5.0 4.543060602914571 4.08585572289307 3.6281215137900085 3.169597392949705 2.7100276477850107 2.249163012330442 1.786762204049746 1.3225934114229745 0.8564357231415856 0.38808049010012313 -0.08266738821266478 -0.5559882608542975 -1.0320466135166495 -1.5109900544169628 -1.9929484042441037 -2.4780328957708453 -2.9663354880668353 -3.4579282995403515 -3.952863163304334 -4.451171307608005 
1.7000000000000002 5.0 4.533649398917681 4.067091338101474 3.6001196368757387 3.132530664795506 2.6641245970958907 2.1947066466782124 1.724088265037233 1.252088304725389 0.7785341361870455 0.3032627120771096 -0.17387842749786675 -0.6530302150137463 -1.1343211866332277 -1.6178666897376601 -2.10376817177208 -2.5921125547879793 -3.082971699539949 -3.5764019624402374 -4.072443848102723 -4.571121759618504 
1.8 5.0 4.526295081098395 4.052428044277817 3.5782377711301723 3.103565136106811 2.628253987580449 2.152152110571875 1.6751121652059136 1.1969925951107543 0.717658500160052 0.23698246817706692 -0.24515463952689712 -0.7288629536228598 -1.2142429177719547 -1.701384669356858 -2.19036748375485 -2.6812592855787534 -3.174116229899107 -3.668982356029483 -4.165889316009474 -4.664856179459342 
1.9000000000000001 5.0 4.5205481022550025 4.040969518626666 3.561138344292248 3.0809302317347065 2.600223157386487 2.1188981739453983 1.6368401437242812 1.1539384485131383 0.6700876715771837 0.18518824758606542 -0.3008529235327624 -0.7881219026011337 -1.2766971805965859 -1.766649194729383 -2.2580398941736903 -2.7509223581303166 -3.2453404685757903 -3.7413286397153818 -4.2389116058080845 -4.73810426867168 
2.0 5.0 4.516057166926705 4.032015336079758 3.5477761200396998 3.0632423483324245 2.5783186665174647 2.092912124079825 1.6069327475008173 1.12029409497472 0.6329137893512577 0.144714026018125 -0.34437794740770644 -0.8344293825373531 -1.3255016155814745 -1.817649689192137 -2.3109220131065618 -2.805360065684995 -3.3009981381828264 -3.7978631233335953 -4.295974349546345 -4.795343461739555 
2.1 5.0 4.512547757793187 4.025018154487027 3.5373343059390736 3.0494202789800893 2.5612015595672823 2.0726055121881592 1.5835618276826133 1.0940029567222767 0.6038645262745921 0.11308573648396496 -0.3783902644769092 -0.8706160298966238 -1.3636394905165619 -1.857503659021936 -2.3522463648542815 -2.8479000209803704 -3.344491424055491 -3.8420415892131574 -4.340565620499827 -4.840072617753426 
2.2 5.0 4.509805355219941 4.019550257164339 3.529174625272199 3.0386191221137087 2.5478255192252255 2.0567370561071203 1.565298790171129 1.0734579354796816 0.5811641881887595 0.08837003668782228 -0.4049689454753144 -0.8988938256906283 -1.393442059091774 -1.8886472576327298 -2.3845389828589245 -2.8811425636504784 -3.378478940061235 -3.8765645342163677 -4.375411149064514 -4.875025895608673 
2.3000000000000003 5.0 4.507662324385487 4.015277407993157 3.5227983013002944 3.0301786354987117 2.537372908373864 2.0443367648411392 1.551027270409698 1.0574031758878917 0.5634251716982437 0.06905613023406607 -0.4257386652364981 -0.9209913065302789 -1.4167310626923573 -1.9129841995426689 -2.4097738177384898 -2.907119710351203 -3.4050382408354314 -3.9035422421428985 -4.402640937603015 -4.902339884057981 
2.4000000000000004 5.0 4.505987668365212 4.011938420763852 3.5178155688285546 3.023582877987151 2.5292047908608546 2.0346466464873223 1.5398748940170162 1.0448572995653476 0.549563144945293 0.05396341705523241 -0.44196901324563076 -0.938259223877096 -1.4349300869242503 -1.9320021276234585 -2.429493397817455 -2.9274193646597313 -3.425792815254391 -3.9246237778194 -4.423919459859291 -4.923684203728495 
2.5 5.0 4.504679020462086 4.00932919320709 3.513921848373701 3.018428670715604 2.52282187417439 2.0270743731898477 1.5311599496914479 1.0350534147414654 0.5387307638331582 0.04216932488653381 -0.4546521019707396 -0.9517531136990696 -1.4491515835251627 -1.9468635507476373 -2.444903121849415 -2.9432823835265625 -3.44201132816979 -3.9410977922580406 -4.440547408043993 -4.940363568829346 
2.6 5.0 4.503656386899392 4.007290230957676 3.51087912831786 3.0144009522342863 2.5178339894913853 2.021157074272867 1.5243497186560155 1.0273922389265462 0.5302658769352511 0.032952915748224725 -0.4645632111223459 -0.9622978175802754 -1.4602648705300703 -1.9584769037663186 -2.456944940698678 -2.9556784263888907 -3.454685169318834 -3.9539712932486375 -4.453541199461662 -4.9533975396291225 
2.7 5.0 4.502857257312145 4.005696898682824 3.5085014167787136 3.011253520813155 2.5139362431496073 2.016533043912771 1.519027912962418 1.0214054686012282 0.5236510524080713 0.02575081961204567 -0.47230817554990473 -0.970537900018056 -1.4689492681297385 -1.9675520743288173 -2.466354932779689 -2.965365224258094 -3.46458905064618 -3.964031197312367 -4.463695103607964 -4.963582841662422 
2.8000000000000003 5.0 4.502232783197042 4.004451800543197 3.506643371058629 3.0087939829823407 2.51089037707667 2.0129196283749033 1.5148692258679934 1.0167271496390877 0.5184819449703154 0.02012279296493071 -0.4783604227505905 -0.9769770536557439 -1.4757356286810164 -1.9746438016241925 -2.473708303962147 -2.97293490334905 -3.4723283680568655 -3.971892437577361 -4.471629799566905 -4.971542073276169 
2.9000000000000004 5.0 4.501744792371676 4.00347882751818 3.505191414536206 3.006871994757296 2.508510206845537 2.0100959506786436 1.511619449618573 1.0130713107877445 0.5144425829792577 0.0157248118440576 -0.4830899079851917 -0.9820088841548884 -1.4810387815364234 -1.9801855811350313 -2.4794545432149047 -2.978850174867916 -3.4783762022258973 -3.9780355474877984 -4.477830310903358 -4.97776175782437 
3.0 5.0 4.501363455484565 4.002718504812674 3.504056793654618 3.00537007101466 2.506650240101167 2.007889408246021 1.509079935565544 1.0102144820629202 0.5112860528817187 0.012288041431507846 -0.4867857298803166 -0.9859409715616196 -1.4851828918283467 -1.9845161644941403 -2.4839449001547256 -2.983472620844719 -3.4831022383231165 -3.9828360361213275 -4.4826756554644485 -4.98262208515256 
